free_thresh: 0.2
image: Town02.png
negate: 0
occupied_thresh: 0.65
origin: [-57.459808349609375, -356.3907470703125, 0]
resolution: 0.5
