free_thresh: 0.2
image: Town03.png
negate: 0
occupied_thresh: 0.65
origin: [-207.43186950683594, -256.72874450683594, 0]
resolution: 0.5
