free_thresh: 0.2
image: Town04.png
negate: 0
occupied_thresh: 0.65
origin: [-565.26904296875, -485.8538818359375, 0]
resolution: 0.5
